0.425642 -0.0720052 0.257646 0.529598 0.0828476 -0.834049 0.130474
0.472365 -0.0641257 0.291746 0.459795 0.080386 -0.871166 0.152306
0.522901 -0.052432 0.317844 0.387332 0.0766696 -0.90126 0.178398
0.572596 -0.0372602 0.334669 0.316711 0.0721308 -0.922162 0.210022
0.617054 -0.0190665 0.34303 0.251742 0.0673202 -0.932677 0.249414
0.412374 -0.110991 0.232289 0.564528 0.125268 -0.796479 0.176738
0.45345 -0.102879 0.268924 0.500206 0.122909 -0.832379 0.20453
0.499211 -0.0897579 0.29956 0.431703 0.118658 -0.862201 0.236986
0.545587 -0.0720487 0.322029 0.363099 0.11298 -0.883113 0.274785
0.588134 -0.050794 0.336057 0.298442 0.106614 -0.893173 0.319074
0.712174 0.0507941 0.336057 -0.106614 0.298442 0.319074 0.893173
0.727712 0.0372601 0.334669 -0.0721305 0.316711 0.210021 0.922162
0.750217 0.0214587 0.330273 -0.0365627 0.344865 0.0988866 0.932713
0.777563 -1.80903e-07 0.32187 2.70385e-07 0.380848 -6.56413e-07 0.924638
0.804964 -0.0273373 0.309103 0.0368237 0.420289 -0.0791324 0.903183
0.828405 -0.0578454 0.292719 0.072577 0.458776 -0.138376 0.874705
0.736322 0.0894313 0.323064 -0.147288 0.346445 0.362469 0.852583
0.754722 0.0720489 0.322029 -0.11298 0.3631 0.274784 0.883113
0.776396 0.111104 0.30358 -0.154372 0.409067 0.317535 0.841431
0.777408 0.0524319 0.317844 -0.0766693 0.387333 0.178397 0.90126
0.801098 0.0897579 0.299559 -0.118658 0.431704 0.236985 0.862201
0.818501 0.128607 0.27652 -0.160215 0.473638 0.277499 0.820361
0.803607 0.028661 0.309631 -0.0387548 0.418581 0.0836505 0.903488
0.827943 0.0641253 0.291746 -0.0803854 0.459796 0.152305 0.871166
0.846859 0.102879 0.268923 -0.122909 0.500207 0.204529 0.832378
0.858798 0.140809 0.243099 -0.164083 0.536448 0.242134 0.791626
0.830199 -4.45094e-07 0.297058 5.61148e-07 0.453992 -1.10134e-06 0.891006
0.854651 0.0338286 0.279771 -0.0403876 0.491612 0.0712234 0.866957
0.874667 0.0720047 0.257646 -0.082847 0.529599 0.130473 0.834049
0.887935 0.110991 0.232289 -0.125268 0.564529 0.176737 0.796479
0.853504 -0.0320037 0.280762 0.0382984 0.489686 -0.0679181 0.868406
0.878175 -5.10796e-07 0.264127 5.87097e-07 0.524193 -9.53856e-07 0.8516
0.899231 0.0369762 0.243009 -0.0413113 0.559607 0.0609387 0.825481
0.914082 0.0762022 0.218646 -0.0838769 0.592885 0.112189 0.79301
0.918329 0 0.226067 0 0.587787 -3.72529e-09 0.809016
0.5335 0.072097 0.318048 -0.379163 0.107713 0.884058 0.251145
0.562584 0.0402245 0.331979 -0.330912 0.0723661 0.919161 0.201009
0.596894 0.0138192 0.340843 -0.280881 0.0358462 0.951357 0.121413
0.63072 -4.24758e-08 0.34453 0.235377 2.57234e-07 -0.971904 1.06216e-06
0.652685 0.000886973 0.345042 0.202634 0.0344722 -0.964786 0.16413
0.655238 0.00431922 0.344991 0.187865 0.0690303 -0.919647 0.337921
0.547927 0.0965309 0.316607 -0.370711 0.147368 0.852121 0.338742
0.575014 0.060337 0.331979 -0.319536 0.112414 0.88756 0.312247
0.58492 0.0836864 0.329139 -0.316197 0.154436 0.841079 0.410798
0.609621 0.0250512 0.3419 -0.262867 0.0746757 0.925324 0.262867
0.613974 0.0414585 0.340843 -0.257779 0.117177 0.873101 0.39688
0.616929 0.0664499 0.33734 -0.262869 0.162462 0.809016 0.499999
0.65056 -0.000148284 0.345052 -0.205395 0.0363589 0.963031 0.170475
0.650467 -0.000295957 0.345052 -0.193836 0.0770548 0.908826 0.361283
0.641462 0.0173844 0.34453 -0.200226 0.123746 0.826751 0.510959
0.639319 0.0491377 0.341535 -0.21581 0.173409 0.749058 0.601886
0.68889 1.25352e-07 0.342972 0.156435 2.53046e-07 -0.987688 1.5981e-06
0.696679 -0.0287545 0.340893 -0.129307 0.0367336 0.953207 0.270788
0.667476 -0.0346449 0.342972 -0.133073 0.0822436 0.840178 0.519258
0.650493 -0.00265872 0.345043 -0.154251 0.135855 0.734413 0.646829
0.652404 0.038135 0.343029 -0.178757 0.189615 0.662264 0.702494
0.69751 0.0272785 0.3409 0.129918 0.0347425 -0.957278 0.255994
0.746057 0 0.332107 -0.0764785 -0 -0.997071 0
0.693043 -0.0857772 0.332107 -0.0650576 0.0402076 0.848161 0.524189
0.646935 -0.0545547 0.3409 -0.0922522 0.097856 0.679734 0.721024
0.648565 -0.00647729 0.344991 -0.123519 0.157487 0.604653 0.770932
0.662456 0.0363421 0.343012 -0.152009 0.211938 0.56265 0.784475
0.42128 0.103049 0.243786 -0.547372 0.117543 0.810125 0.173968
0.448362 0.124716 0.256398 -0.517778 0.147092 0.810697 0.230305
0.419072 0.142818 0.222166 -0.571022 0.162217 0.774117 0.219913
0.393638 0.0748515 0.227125 -0.580291 0.0829353 0.802026 0.114626
0.689895 0.20809 0.276519 -0.318673 0.385292 0.551954 0.667341
0.720479 0.236195 0.248106 -0.330343 0.443032 0.498189 0.668134
0.682787 0.249589 0.243099 -0.370069 0.421604 0.546102 0.622151
0.693069 0.162603 0.30358 -0.266818 0.346374 0.548831 0.712473
0.723427 0.191834 0.281108 -0.278128 0.403959 0.494203 0.717792
0.691607 0.117067 0.323064 -0.217273 0.307426 0.534696 0.756559
0.72098 0.145715 0.306738 -0.227373 0.363325 0.479296 0.76588
0.713394 0.102327 0.324464 -0.180736 0.324166 0.452187 0.811035
0.759016 0.217728 0.250881 -0.288051 0.466074 0.439798 0.711604
0.754982 0.259151 0.212873 -0.339382 0.503377 0.444214 0.658867
0.796677 0.237082 0.213898 -0.294926 0.528978 0.387498 0.695015
0.75686 0.172656 0.282737 -0.237137 0.425326 0.425328 0.762863
0.796208 0.194742 0.250881 -0.245031 0.490058 0.374115 0.748225
0.835064 0.209658 0.212873 -0.249777 0.553335 0.326931 0.724257
0.748809 0.128516 0.306738 -0.189529 0.384424 0.399523 0.810357
0.788964 0.151329 0.281109 -0.19741 0.448961 0.350778 0.797758
0.829961 0.168531 0.248106 -0.203196 0.513921 0.306439 0.775043
0.508848 0.204502 0.246105 -0.492374 0.258264 0.736072 0.38609
0.54818 0.203949 0.264126 -0.445906 0.275586 0.724412 0.447713
0.530223 0.239864 0.226066 -0.500002 0.309019 0.688189 0.425326
0.493521 0.16896 0.262183 -0.483714 0.21117 0.778425 0.339828
0.530589 0.167571 0.280761 -0.436687 0.224867 0.774414 0.398776
0.5187 0.133565 0.292719 -0.428414 0.179457 0.816815 0.342154
0.571837 0.239319 0.243007 -0.454313 0.329346 0.670157 0.485819
0.614152 0.233013 0.257645 -0.40695 0.348902 0.64089 0.549472
0.600279 0.270144 0.218646 -0.460242 0.383049 0.615593 0.512344
0.643088 0.262315 0.232288 -0.414361 0.40335 0.58461 0.569074
0.654201 0.221948 0.268923 -0.360887 0.367527 0.600537 0.611588
0.588957 0.198038 0.27977 -0.396959 0.292813 0.700031 0.516372
0.627999 0.187699 0.291745 -0.348867 0.31011 0.660986 0.587555
0.66293 0.17515 0.299559 -0.30485 0.327897 0.608844 0.654874
0.569635 0.161039 0.297057 -0.38619 0.238679 0.757933 0.46843
0.607162 0.150072 0.30963 -0.335694 0.25303 0.724574 0.546148
0.64014 0.13727 0.317843 -0.289181 0.268853 0.67287 0.62557
0.667831 0.125751 0.322028 -0.249477 0.286999 0.606762 0.69802
0.55647 0.126243 0.309103 -0.37688 0.189638 0.809893 0.40752
0.593174 0.11396 0.321869 -0.323972 0.200226 0.786542 0.48611
0.624596 0.0990985 0.330272 -0.274141 0.21241 0.741425 0.574471
0.648794 0.0860359 0.334668 -0.231493 0.227864 0.674026 0.663459
0.667848 0.0781906 0.336056 -0.197823 0.247592 0.592038 0.740982
0.468489 0.195962 0.227124 -0.537226 0.234531 0.742504 0.324147
0.45563 0.158628 0.243786 -0.527418 0.187785 0.780592 0.277927