0.733854 -0.0419553 1.02502 -0.19134 -0.966951 -0.0327105 0.165305
0.758606 -0.004 1.01834 -0 -0.980039 -5.26836e-09 0.198804
0.750244 -0.0828589 1.01038 -0.300751 -0.925615 -0.0709968 0.218506
0.777116 -0.0429193 1.00691 -0.135332 -0.960787 -0.0337564 0.239653
0.799423 -0.004 0.997248 -0 -0.961938 -0 0.273266
0.764689 -0.123881 0.988027 -0.359409 -0.883619 -0.113059 0.277959
0.793723 -0.083921 0.988026 -0.22861 -0.926117 -0.071914 0.29133
0.818039 -0.0429192 0.981618 -0.102797 -0.942713 -0.0344036 0.315503
0.836541 -0.004 0.970173 -0 -0.93819 -5.26836e-09 0.346121
0.775867 -0.161719 0.959136 -0.389495 -0.842673 -0.155971 0.337443
0.806707 -0.123881 0.962059 -0.28768 -0.885391 -0.112833 0.347264
0.833162 -0.0828591 0.959136 -0.180204 -0.910676 -0.0721617 0.364675
0.853581 -0.0419556 0.95102 -0.0815229 -0.917406 -0.0344773 0.387985
0.867736 -0.004 0.939308 -0 -0.910361 -5.26836e-09 0.413814
0.815053 -0.159677 0.931036 -0.322973 -0.843007 -0.153891 0.401678
0.84333 -0.120759 0.931036 -0.234217 -0.871845 -0.111601 0.415421
0.612763 -0.0250267 1.03991 -0.94936 -0.308461 -0.0568054 0.0184569
0.58075 -0.0482854 1.03244 -0.943406 -0.306528 -0.120395 0.0391183
0.622659 -0.0626129 1.03565 -0.804694 -0.58464 -0.0835456 0.060699
0.547129 -0.072712 1.01834 -0.932074 -0.302846 -0.189073 0.0614329
0.589463 -0.0888702 1.02502 -0.860499 -0.480777 -0.147106 0.0821909
0.514107 -0.0967032 0.997249 -0.91486 -0.297253 -0.259889 0.0844421
0.555029 -0.115079 1.00691 -0.871945 -0.425606 -0.217491 0.10616
0.484078 -0.11852 0.970174 -0.892273 -0.289914 -0.329179 0.106956
0.521922 -0.139132 0.981618 -0.864808 -0.389078 -0.289428 0.130214
0.45884 -0.136857 0.939309 -0.865807 -0.281315 -0.393558 0.127874
0.492601 -0.159244 0.951021 -0.847314 -0.361025 -0.358341 0.152683
0.634082 -0.103368 1.02502 -0.723159 -0.669811 -0.123627 0.114507
0.600245 -0.131596 1.01038 -0.787377 -0.57206 -0.185872 0.135043
0.646533 -0.144811 1.00691 -0.674225 -0.697745 -0.168174 0.17404
0.565694 -0.158011 0.988027 -0.810147 -0.503606 -0.254847 0.158419
0.61267 -0.173275 0.988027 -0.729309 -0.614869 -0.229418 0.193419
0.659179 -0.18373 0.981618 -0.63728 -0.702247 -0.21328 0.235023
0.533163 -0.180334 0.959136 -0.810419 -0.452797 -0.324527 0.18132
0.578678 -0.197971 0.96206 -0.75316 -0.547199 -0.2954 0.214619
0.625867 -0.210456 0.959136 -0.681073 -0.630829 -0.272731 0.252611